BaseModelOutputWithPoolingAndCrossAttentions(last_hidden_state=tensor([[[-1.0534, -0.4177, -0.3749,  ..., -0.3731, -0.3823,  0.3369],
         [ 1.0349, -0.0260, -0.3147,  ...,  0.0684, -0.6370, -0.4395]]],
       grad_fn=<NativeLayerNormBackward0>), pooler_output=tensor([[-0.9090, -0.3117,  0.2969,  0.8390,  0.4488, -0.3063,  0.8928,  0.3711,
         -0.2455, -0.9996, -0.7611,  0.8542,  0.9947, -0.7058,  0.9451, -0.6878,
         -0.7798, -0.4174,  0.4471, -0.9007,  0.8220,  0.9976,  0.3544,  0.2295,
          0.2934,  0.9804, -0.8513,  0.9781,  0.9599,  0.6804, -0.8315,  0.2778,
         -0.9969, -0.1034, -0.6564, -0.9958,  0.3496, -0.8209, -0.1461, -0.1960,
         -0.9761,  0.4759,  0.9993,  0.9168,  0.6953, -0.0146, -1.0000,  0.1513,
         -0.9011,  0.3129,  0.4193,  0.8144, -0.1094,  0.4357,  0.2540, -0.0606,
          0.0854,  0.1931, -0.0957, -0.4570, -0.3330,  0.2104, -0.5025, -0.9539,
          0.7765, -0.8013, -0.4065, -0.4454,  0.0665, -0.0928,  0.8212,  0.3207,
          0.3624, -0.8974, -0.6106,  0.1048, -0.3422,  1.0000, -0.5475, -0.9970,
          0.6022, -0.7632,  0.2569,  0.7957, -0.9478, -1.0000,  0.4952, -0.1615,
         -0.9950,  0.2290,  0.7355, -0.2067, -0.4743,  0.2929,  0.6506, -0.6673,
         -0.3893, -0.3431, -0.3856, -0.4788,  0.1084, -0.1245, -0.1851, -0.0489,
          0.2492, -0.2236, -0.7749,  0.1382, -0.3211,  0.4809,  0.1747, -0.2795,
          0.4938, -0.9763,  0.4888, -0.0669, -0.9935, -0.3759, -0.9972,  0.8250,
         -0.3335, -0.1606,  0.9565,  0.2318,  0.2444, -0.2206, -0.6387, -1.0000,
         -0.6135, -0.5754,  0.5265, -0.5328, -0.9916, -0.9798,  0.3789,  0.9523,
          0.1832,  0.9983, -0.3745,  0.9763,  0.3987, -0.5286,  0.5324, -0.4372,
          0.6311,  0.6185, -0.8398,  0.1670, -0.3179,  0.5815, -0.4454, -0.4703,
          0.2767, -0.9501, -0.1648,  0.9799, -0.5185,  0.5312,  0.8028, -0.3898,
         -0.6510,  0.8065,  0.7462,  0.2473,  0.2653,  0.1813, -0.8581,  0.4247,
         -0.8415, -0.2746,  0.3373, -0.4719,  0.1870, -0.9965, -0.4807,  0.4668,
          0.9943,  0.8489,  0.0473,  0.6137, -0.0013,  0.7278, -0.9749,  0.9941,
         -0.1883, -0.0378, -0.0657, -0.2064, -0.9182, -0.5636,  0.8762, -0.7581,
         -0.9593, -0.2966, -0.0797, -0.5433, -0.8778,  0.9079, -0.2345, -0.1969,
         -0.2239,  0.9157,  0.9802,  0.8989, -0.0707,  0.6540, -0.9663, -0.7447,
          0.1551,  0.2417,  0.3356,  0.9983,  0.2763, -0.2405, -0.8596, -0.9930,
          0.0610, -0.9540, -0.1576, -0.5319,  0.4068, -0.2443, -0.6962,  0.3349,
         -0.9934, -0.8611,  0.4170, -0.1771,  0.3254,  0.0272,  0.7955,  0.4815,
         -0.4386,  0.8905,  0.8854, -0.5827, -0.9532,  0.8758, -0.0798,  0.8606,
         -0.6467,  0.9847,  0.5601,  0.8445, -0.9893,  0.5647, -0.8577,  0.6082,
         -0.3912, -0.9564, -0.5995,  0.1791,  0.4682,  0.9649, -0.7817,  0.9979,
         -0.6899, -0.9869, -0.3498,  0.2412, -0.9972,  0.8942,  0.2528,  0.5111,
         -0.4689, -0.5398, -0.9934,  0.9834,  0.2880,  0.9886, -0.2890, -0.9445,
         -0.5252, -0.9886,  0.1594, -0.1242,  0.6186,  0.0542, -0.9483,  0.5033,
          0.6912,  0.5236,  0.4372,  0.9974,  1.0000,  0.9879,  0.8818,  0.8127,
         -0.9954, -0.2184,  0.9995, -0.9729, -1.0000, -0.9503, -0.5959,  0.6412,
         -1.0000, -0.2269, -0.1700, -0.9763, -0.1401,  0.9930,  0.9943, -1.0000,
          0.8788,  0.9760, -0.3524,  0.9008, -0.3356,  0.9933,  0.3941,  0.4432,
         -0.1289,  0.3295, -0.3157, -0.8526, -0.1485, -0.2333,  0.9101,  0.2713,
         -0.6711, -0.9217,  0.4748, -0.4279,  0.0965, -0.9770, -0.1091,  0.6497,
          0.8300,  0.1585,  0.1250, -0.8294,  0.3028, -0.7702,  0.1647,  0.3702,
         -0.8393, -0.8269, -0.9267,  0.2410,  0.4171, -0.9538,  0.9658, -0.0689,
          0.8605,  1.0000,  0.5893, -0.9404,  0.5871,  0.3472, -0.7988,  1.0000,
          0.6772, -0.9932, -0.1183, -0.1317, -0.3727, -0.4345,  0.9961, -0.2956,
          0.2837, -0.2975,  0.9961, -0.9971,  0.7091, -0.8844, -0.9898,  0.9759,
          0.9882, -0.2011, -0.6922,  0.1248,  0.7997,  0.5177, -0.9021,  0.8432,
          0.7907, -0.3387,  0.9404, -0.8724, -0.0152,  0.2179, -0.0137, -0.2617,
          0.3866,  0.4070, -0.3078,  0.0247, -0.2609, -0.4969, -0.9469,  0.3405,
          1.0000, -0.4344,  0.6456,  0.5449, -0.0129,  0.0791,  0.3284,  0.3595,
         -0.4071, -0.6766,  0.7125, -0.9421, -0.9942,  0.8677,  0.0305, -0.1231,
          0.9999,  0.3353,  0.2747,  0.2219,  0.9563, -0.1820, -0.0906, -0.5122,
          0.9925, -0.3205,  0.1826,  0.9097, -0.0297, -0.4953, -0.5253,  0.2022,
         -0.9539, -0.0959, -0.9805,  0.9885,  0.6835,  0.4439,  0.1448,  0.6129,
          1.0000, -0.7518,  0.7886, -0.8212,  0.8778, -0.9573, -0.7240, -0.1964,
         -0.0257,  0.4448, -0.2990,  0.4426, -0.9890, -0.2766,  0.5765, -0.9760,
         -0.9956,  0.2158,  0.7397,  0.1684, -0.9629, -0.7278, -0.7921,  0.8020,
         -0.3842, -0.9836,  0.5910, -0.2969,  0.5417, -0.4174,  0.3985, -0.7927,
          0.9722,  0.0652, -0.2410, -0.3384, -0.9265,  0.9014, -0.7863, -0.8438,
         -0.0216,  1.0000, -0.4121,  0.2481,  0.8126,  0.7755, -0.2379,  0.1516,
         -0.0032,  0.3811,  0.8889, -0.6264, -0.9097, -0.1713,  0.1013,  0.3563,
         -0.9187,  0.9099,  0.3655,  0.3484, -0.0122,  0.1689,  0.9983, -0.3689,
         -0.0804, -0.2962, -0.2841, -0.2349, -0.5528,  1.0000,  0.2032,  0.2781,
         -0.9980, -0.6361, -0.9422,  1.0000,  0.9600, -0.7640,  0.6405,  0.5748,
          0.0893,  0.8221, -0.3496, -0.1764,  0.2280,  0.2392,  0.9829, -0.5354,
         -0.9962, -0.7024,  0.5684, -0.9524,  0.9938, -0.3787,  0.0262, -0.1766,
         -0.5259,  0.9388,  0.1304, -0.9881, -0.3594,  0.4891,  0.9954,  0.2740,
         -0.2264, -0.9739,  0.3490,  0.5338, -0.5659, -0.9819,  0.9935, -0.9729,
          0.5695,  1.0000,  0.1900,  0.3107,  0.1805, -0.3546,  0.2873, -0.6720,
          0.7255, -0.9792, -0.1556,  0.0984,  0.3586, -0.1705, -0.1306,  0.8831,
          0.1206, -0.1007, -0.3477, -0.2957,  0.4180,  0.9012,  0.0021, -0.1609,
          0.3242, -0.0605, -0.9555, -0.3699, -0.2670, -0.9992,  0.6263, -1.0000,
          0.3846, -0.8539, -0.1845,  0.9280,  0.3676,  0.0693, -0.9179,  0.2860,
          0.8725,  0.8501, -0.5429, -0.6559, -0.9049,  0.3391, -0.1366,  0.3166,
         -0.1660,  0.4306, -0.2331,  1.0000, -0.0385, -0.5114, -0.9772,  0.0178,
         -0.2919,  1.0000, -0.9239, -0.9894,  0.1726, -0.6874, -0.8830,  0.3136,
          0.1652, -0.7647, -0.8953,  0.9241,  0.8006, -0.2818,  0.5919, -0.3206,
         -0.2925,  0.1830,  0.5213,  0.9980,  0.4672,  0.9408,  0.1935, -0.3249,
          0.9710,  0.1836,  0.8748,  0.1379,  1.0000,  0.2839, -0.9503, -0.5898,
         -0.9685, -0.2310, -0.9387,  0.1237,  0.2090,  0.9605, -0.4749,  0.9937,
         -0.5870,  0.1034, -0.7564,  0.2384,  0.1836, -0.9783, -0.9940, -0.9977,
          0.6538, -0.2679, -0.0855,  0.2574,  0.1487,  0.4018,  0.3146, -1.0000,
          0.9537,  0.4799, -0.6775,  0.9918,  0.4735,  0.6986,  0.3112, -0.9957,
         -0.9920, -0.1549, -0.2803,  0.8592,  0.6486,  0.8103,  0.4378, -0.2941,
         -0.3721, -0.2101, -0.2420, -0.9980,  0.5446,  0.5332, -0.9651,  0.9722,
         -0.9040, -0.0809,  0.8382, -0.2374,  0.9644,  0.5440,  0.8369,  0.0857,
          0.7919,  0.9765,  0.9301,  0.9964,  0.2298,  0.6990, -0.2345,  0.5045,
          0.8071, -0.9617,  0.2158,  0.5978, -0.0244,  0.2791, -0.3660, -0.9118,
          0.8214, -0.2087,  0.7649, -0.0967, -0.1671, -0.4718, -0.3008, -0.7832,
         -0.7985,  0.3212,  0.5865,  0.9706,  0.5302, -0.2000, -0.8595, -0.2903,
          0.8658, -0.9679,  0.9443, -0.2676,  0.9531,  0.3771,  0.2180,  0.7150,
         -0.3081, -0.3103, -0.1872, -0.8376,  0.8524, -0.3432, -0.6020, -0.7162,
          0.8211,  0.4335,  0.9996,  0.5787, -0.0837, -0.6780, -0.3226,  0.2161,
         -0.5977, -1.0000,  0.2305, -0.1474, -0.1073, -0.8460,  0.3072, -0.5761,
         -0.9780, -0.2396,  0.2996,  0.3649, -0.2756, -0.7857,  0.1312,  0.0993,
          0.9568,  0.9450, -0.7219,  0.9289,  0.3843, -0.0025, -0.3180,  0.9124]],
       grad_fn=<TanhBackward0>), hidden_states=None, past_key_values=None, attentions=None, cross_attentions=None)